  566  477  376
  575  488  365
   50   18  156
  558  673  498
  133  112  510
  670  613   25
   84  197  643
  910  265  611
  894  252  545
  581    3  598
   98  742  574
  628  746  193
  129  677  265
  187  445  169
  288  242  128
  569  744  439
  685  748  471
  256   23  157
  218  343  491
  777  905  633
  778  867  840
  672  772  947
  500  763  420
  449  665  653
   23  558  858
  745  407  904
  766  194  576
   11  541  423
  179  690  274
  174  747  279
  741  538  336
  507  698  667
  689  920  467
  405  861   35
  575  631  992
  317  573  981
  817  536   44
  816  205  653
   45  631  683
  509  300  418
  712  192  865
  666  133  859
   32  331   54
  572  432  259
  552  456  267
  766  931  643
  902  840  557
  465  318  175
  491  863  329
  463  795  564
  589  213  805
  340  323  123
  602  812  499
  898  931  555
  899  835  341
  316  487  789
  677  790  797
  341  502  123
  502  196  136
  702  617   82
  939  581  362
  801  834  951
  464  941  843
    7  756  971
  273  297  661
  270  620  387
  776   96   80
  891  125   92
  376  175  141
  435  247  949
  719  586  478
  578  662  801
  446  202  556
  596  336    5
  855  202  558
  541  314   17
   43  295  959
  507  433  942
  380  721  579
  313  670  629
  301  341   59
  338  776  161
  202  291  844
  528  564  736
  411  765  465
  489   98  611
  301  817  959
  895  836  890
  249  313  267
  726  976  881
  300  601  657
  985   91  438
  925  596  905
  250  850  331
  104  714  258
  312  189  196
   36   62  611
  218  756  600
  225  803  736
  765  250  259
  768  438  728
  268  613  578
  951  816  919
  706  923  495
  430  487  915
  416  964  623
  737  699  581
  836  981   90
  740  471  498
   17  781  602
  732  527  191
   57  126  235
  778  344  370
  822  398  366
  245  597  127
  407  658  902
  542  545  985
  786  663   93
  872  512  690
  897  151  655
  226  362  164
  257  629  168
   94  280   86
  577  611   45
  648  756  953
   89  556  924
  116  330  373
  730  297  713
  836  630  486
  431   10  177
  350   21  950
  442   34  831
  219  115  125
  259  111  836
   56   13  825
  837  648  336
  414  314  670
  787  906  792
  232  526  550
  220  409  216
  383  241  720
  101  724    8
  108  695  885
   23   33  894
  458  827  435
  489  664  675
  272  542  261
   18  250  218
  896   60  659
  906  284  823
  179  668  925
  174  362  227
  211  589  911
  514  333  704
  575  716  896
  762  382  597
  344  783  294
  408  795  209
   91  119  110
  717  616  307
  760  106  333
  374  563  514
  454   51  709
  564  499  158
  566  541  601
  901  327  137
  417  859  921
  726  627  828
  534  416  475
  221  533  310
  731  423  274
  534  636  902
  463  513  606
  921  148  829
  314  151  657
  454  238  935
  468  244  703
  253  124  615
  427  524  804
  194  545  380
  913  998  210
  203  797  141
  993  320  265
  208  144  488
  791  710  361
  953  637  413
  372  472  926
  686  216  677
  775  476  473
  683  224  524
  670  424  556
  286  642  660
  578  964  895
  715  938  675
  727   48  846
  386  538  362
  271  702  241
  620  537  487
  689  388  118
  223  315  599
  477  445  509
  369  787  300
  645  679  536
  613  461  511
  586  730  876
  597  586  541
  745  452  960
  577   77  581
  733  177  562
  923  191   64
  521  751  297
  422  780  709
  521  887  550
  808  681  829
  907  938  753
  507  307  991
  752  386   22
  684  270  155
   91  234  151
  568  950  170
  651  954  210
  789   31  307
  550   71  560
  463  715  400
  491  765  600
  131  455  904
  592  453  555
  559  788  676
  391  484  363
  405  404  280
   68  114  556
  307  518  632
   49  549  907
  288  287  482
  729   36  395
  440  768  636
  838  772  889
   99  231  794
  181   81  684
  252  253  843
  738  717  531
  125  311  536
  727  508  487
  992   76  234
  680  114  100
  501  165  292
  597  562  167
  223  887  429
  613  345  482
  209   45  787
   98  175  821
  178  196  252
  345  127  459
  767  896  750
  601  965  522
  792  541  699
  989  350  109
  337  799  588
  276  531  244
  461  655  162
  413  284  340
  327   93  556
  431  873  989
  164  826  956
  279  486  578
  488  275  248
  672  462  539
  636  448   39
  116  504  619
  550  353  618
  803  506    5
  641  482  513
  190  973  509
    4  105  745
  443  619  243
  440  519  754
  624   62  907
  644  231  907
  232  238  900
  866  749  665
  490  988  547
  815  482  135
  331  992  234
  252  812  623
   95  661  698
   15  378   91
  986  338  255
  979  205  218
  927   59  302
  161  231  250
  855  250  389
  588  356   40
  279   90  105
  707  273   77
  846  311  842
  870  305  833
   77  477  346
  638  496  395
  642  374  864
   73  526  717
  851  399  892
  873  444  889
  988  133  217
  950  702  591
  989  338  278
  307  628  794
  815  568  390
  974  725  622
  463  296  984
  605  409  526
  665  554  473
  106  852  381
  874  597  620
  481  609  245
  604   18  655
  702  611  814
  711  341  254
  130  458  865
  677  689  278
  926  675  223
  363   15  154
  189  785  793
  189  556  925
   92  332  617
    1  884  831
  176   37  482
  174  856  362
  432  978  371
  957  662  493
  749  873  714
  259  938  328
  692  837  649
  721  949  456
  488  304  194
  270  776  448
  446  879  257
  647  705  462
  720  305   25
  230  489  454
  920  303  582
  325   20  478
  970  303  168
  628   29  916
  398  209  489
  248  194  426
  426  276  899
   14  274  981
  430   12  799
  229  235  745
  268  663  528
  283  439  906
  542  983  253
  214  938  241
  575  123  228
  704  628  326
  567  678  468
  439  984  300
  580  228  520
  229  668  370
  512  701  624
  267  912  271
  666  839  776
  804  362  559
  400  565  127
  418  349  450
  136  671  460
  302  515  931
  185  764  911
  441  574  331
  902  856  448
  123  934  288
  890  143  683
  307  470  748
  339  169  127
  114  339  834
  789  639  631
  676   82  453
  247  563  394
  436  655  703
  352  906  631
  277  367  327
  585  757  427
  545  710  988
  153  705  689
   98  300  882
  140  491  135
  193  220  911
  371  739  602
  538  419  864
  280  786  352
  795  750  697
  808  341   79
  361  606  668
   57  277  452
  524  267  976
  525   45  762
  462  885  782
   90  837  156
  510  394  826
  617   23  812
  443  755  483
  255  756  866
  931  404  762
  184  496  236
  841  792  640
  932  259  869
  893  697  951
   37  451  493
  939  592  146
  789  104   25
  477  617  150
  427  506   86
  723  243  717
  795  705  638
  908  506  556
  741  755  408
  608  852  240
  613  717  393
  392   59  448
  877  724  100
   61  141   24
  101  257  130
  139  313  147
  999  130  568
   82  256  539
  941  183  193
  279  793  217
  628  347  824
  503  506  905
  646  629  909
  785  518  510
  510  199  701
  413  201  703
  399  548  247
   11  396  606
  250  981  822
  314  758  810
  513  476  139
  830  232   74
  448  693  690
  503  556  646
  604  448  579
   21  441  367
  603  155  428
  589  655   64
  524  726  849
  262  556  808
  693   19  969
  102  306   91
  773  287  939
   49    2  177
  937   54  697
  967   51  745
  388  262  356
  193  636  387
  554  537  478
  510  689  720
  693  670  665
  905   32  730
  516  420  525
  109  627  935
  421  282  693
  504  374  435
  241  619  662
  277  809  333
  319   43  766
  787  803  267
  941  828  722
  710  489   10
  654  395  148
   95  733  154
  270  163  706
  247  564  771
  269  635  204
  560  604  137
  379  164   72
  282  557  149
  871  461  499
  140  475  289
  816   12  533
  974  361  166
  769  545  848
  543  493  875
  475  192  926
  342  564  976
  501  448  782
   94  172   75
  275  856  267
  215  853  210
   41  496  331
  829  583  434
  818  306  478
  660  431  552
  509  716  355
  404  812  211
  549   63  271
  422  642  655
  397  590  389
  698  235  288
  319   95  603
  810  218  336
  709  590   89
  749  734  884
  118  896  862
  550  398  700
  505  207  165
  449  339  778
  664  929  821
  724  926  630
   89   21  391
  698  176  786
  718  479  938
  391  577  266
  634  178   29
   56  373  972
  687  259  969
   98  480  250
  951  134  237
  939  491   15
  899  303  834
  252  416  295
  887  537  926
  496  232  609
  130  534  575
  519  436  934
  639  648   29
  625  127  541
  291  544  511
  744  570  404
  430  772  439
  381  304  231
  525  527  785
  137  802  499
  542  632  966
  637  482   42
  207  643  532
  527  816  501
  194  982  271
  862  943  367
  846  217  324
  872  894  184
  911  776  718
  939  849  594
  745  354  472
  838  305  284
  744  157  759
  436  263  650
  605  326  348
  319  530  463
  639  358  479
  675  826  732
  609  682  912
   97  714  874
  848  330  858
  874  646   24
  508  518  881
  567  481  576
  431  561  603
  934  715  700
  833  311  198
  323  661  724
  997  162  319
   93  395  412
  977  497  232
  858  448  225
  900  316  259
  107  458  401
  397  723  817
  720  328   17
  346  631  802
  824  567  852
  810  234  269
  251  784  926
  490  316  317
  637  291  350
  593  583  602
  450  116  310
  907  210  231
  904  264  396
  612  221  267
  144  156  136
  683  248  293
   64  786  842
   52  606  511
   26  192  927
  830  422  399
  956  349  575
  254  130  660
  431  515  161
  961  522  198
  995  873   43
  967  855  268
  487  898  564
  595  378  636
  707  203  268
  710  226  775
  277  120  551
  675  631  758
  203  160  294
  873  667  637
  279  597  765
   26  667  338
  305  963  550
  163  858  901
  328  832  537
  204   25  494
  601  307  594
   71  405  613
  642  691  258
  341  439  293
   93  470  627
  361   30  430
  942   70  305
  831  963  304
  368  925   25
  115   82  139
   53  185  545
  160  247  536
  462  260  666
  296  696   84
  465  683  683
  591  228  220
  743  744  432
  165  758  559
  651  933   87